0.872294985711068 13.9 4.48794987755711e+24 0.464285714285715 0 0 0.0152586785569995 0 0 0 0 0 1.674911e-24 1.672661e-24 0 
0.932297119687809 14 5.15288122447347e+24 0.464285714285715 0 0 0.015977824092426 0 0 0 0 0 1.674911e-24 1.672661e-24 0 
0.992299361811097 14.1 5.9163297830591e+24 0.464285714285715 0 0 0.0167308645349213 0 0 0 0 0 1.674911e-24 1.672661e-24 0 
1.05230194208562 14.2 6.79289582491247e+24 0.464285714285715 0 0 0.0175194005840686 0 0 0 0 0 1.674911e-24 1.672661e-24 0 
1.112304665367 14.3 7.7993368480921e+24 0.464285714285715 0 0 0.018345102841133 0 0 0 0 0 1.674911e-24 1.672661e-24 0 
1.17230775000751 14.4 8.95490045068423e+24 0.464285714285715 0 0 0.0192097263817962 0 0 0 0 0 1.674911e-24 1.672661e-24 0 
1.23231108656938 14.5 1.02816803735408e+25 0.464285714285715 0 0 0.0201151044074485 0 0 0 0 0 1.674911e-24 1.672661e-24 0 
1.29231463904241 14.6 1.18050451193106e+25 0.464285714285711 0 0 0.0210631575032922 0 0 0 0 0 1.674911e-24 1.672661e-24 0 
1.35231872720198 14.7 1.35541328946675e+25 0.464285714285711 0 0 0.022055902740217 0 0 0 0 0 1.674911e-24 1.672661e-24 0 
1.41232303378956 14.8 1.55623810894935e+25 0.464285714285715 0 0 0.0230954417525118 0 0 0 0 0 1.674911e-24 1.672661e-24 0 
1.47232788106688 14.9 1.78682036377222e+25 0.464285714285711 0 0 0.0241839863633895 0 0 0 0 0 1.674911e-24 1.672661e-24 0 
1.53233315840645 15 2.05156920116918e+25 0.464285714285711 0 0 0.0253238451010033 0 0 0 0 0 1.674911e-24 1.672661e-24 0 
1.59233880381683 15.1 2.3555472277223e+25 0.464285714285711 0 0 0.0265174360518151 0 0 0 0 0 1.674911e-24 1.672661e-24 0 
1.65234527243889 15.2 2.70457036318216e+25 0.464285714285711 0 0 0.0277673021711428 0 0 0 0 0 1.674911e-24 1.672661e-24 0 
1.71235208597495 15.3 3.10531097513545e+25 0.464285714285711 0 0 0.0290760868611477 0 0 0 0 0 1.674911e-24 1.672661e-24 0 
1.77235976537592 15.4 3.56543708716766e+25 0.464285714285711 0 0 0.030446580074342 0 0 0 0 0 1.674911e-24 1.672661e-24 0 
1.83236813253232 15.5 4.09374837361412e+25 0.464285714285712 0 0 0.031881687930856 0 0 0 0 0 1.674911e-24 1.672661e-24 0 
1.89237708699866 15.6 4.70034893343464e+25 0.464285714285715 0 0 0.0333844550365736 0 0 0 0 0 1.674911e-24 1.672661e-24 0 
1.95238733705916 15.7 5.39685002321148e+25 0.464285714285715 0 0 0.0349580909515547 0 0 0 0 0 1.674911e-24 1.672661e-24 0 
2.01239813294683 15.8 6.19656693396057e+25 0.464285714285715 0 0 0.0366059183416064 0 0 0 0 0 1.674911e-24 1.672661e-24 0 
2.07241030101575 15.9 7.11481010613201e+25 0.464285714285715 0 0 0.0383314601119078 0 0 0 0 0 1.674911e-24 1.672661e-24 0 
2.13242355901315 16 8.16914437073197e+25 0.464285714285715 0 0 0.0401383746132218 0 0 0 0 0 1.674911e-24 1.672661e-24 0 
2.19243774447842 16.1 9.37973906145976e+25 0.464285714285711 0 0 0.042030495544775 0 0 0 0 0 1.674911e-24 1.672661e-24 0 
2.2524539841119 16.2 1.07697840806035e+26 0.464285714285711 0 0 0.0440118803510127 0 0 0 0 0 1.674911e-24 1.672661e-24 0 
2.31247108914217 16.3 1.2365853624179e+26 0.464285714285712 0 0 0.0460867014186535 0 0 0 0 0 1.674911e-24 1.672661e-24 0 
2.37249036448761 16.4 1.41985297826117e+26 0.464285714285715 0 0 0.0482594147035359 0 0 0 0 0 1.674911e-24 1.672661e-24 0 
2.43251136883187 16.5 1.63028818480755e+26 0.464285714285715 0 0 0.0505346255321607 0 0 0 0 0 1.674911e-24 1.672661e-24 0 
2.4925338362538 16.6 1.87191812118794e+26 0.464285714285715 0 0 0.0529171615757527 0 0 0 0 0 1.674911e-24 1.672661e-24 0 
2.55255956108514 16.7 2.14937688157575e+26 0.464285714285715 0 0 0.0554121646445671 0 0 0 0 0 1.674911e-24 1.672661e-24 0 
2.61258665750385 16.8 2.46796882678103e+26 0.464285714285711 0 0 0.0580248662548805 0 0 0 0 0 1.674911e-24 1.672661e-24 0 
2.67261717967928 16.9 2.83380649886653e+26 0.464285714285715 0 0 0.0607609173595044 0 0 0 0 0 1.674911e-24 1.672661e-24 0 
2.73265044832661 17 3.25389444572487e+26 0.464285714285715 0 0 0.0636261158215119 0 0 0 0 0 1.674911e-24 1.672661e-24 0 
2.79268602054028 17.1 3.73627671043023e+26 0.464285714285715 0 0 0.0666265413368006 0 0 0 0 0 1.674911e-24 1.672661e-24 0 
2.85272675894593 17.2 4.29022205558953e+26 0.464285714285715 0 0 0.0697687349781144 0 0 0 0 0 1.674911e-24 1.672661e-24 0 
2.91276967119525 17.3 4.92632073144859e+26 0.464285714285715 0 0 0.0730592404234209 0 0 0 0 0 1.674911e-24 1.672661e-24 0 
2.97281797840678 17.4 5.65680216786829e+26 0.464285714285711 0 0 0.0765052528908166 0 0 0 0 0 1.674911e-24 1.672661e-24 0 
3.03287065316221 17.5 6.49566569434649e+26 0.464285714285711 0 0 0.0801140732737746 0 0 0 0 0 1.674911e-24 1.672661e-24 0 
3.09292694008952 17.6 7.45898875387069e+26 0.464285714285711 0 0 0.0838933574924859 0 0 0 0 0 1.674911e-24 1.672661e-24 0 
3.15299142385636 17.7 8.56533663175318e+26 0.464285714285711 0 0 0.0878514775583533 0 0 0 0 0 1.674911e-24 1.672661e-24 0 
3.21305935296147 17.8 9.83586060476453e+26 0.464285714285715 0 0 0.091996586488171 0 0 0 0 0 1.674911e-24 1.672661e-24 0 
3.27313574660187 17.9 1.12950656334857e+27 0.464285714285715 0 0 0.0963379005733981 0 0 0 0 0 1.674911e-24 1.672661e-24 0 
3.33321909872504 18 1.29709597293196e+27 0.464285714285715 0 0 0.100884619848784 0 0 0 0 0 1.674911e-24 1.672661e-24 0 
3.39330807934562 18.1 1.48957059883155e+27 0.464285714285715 0 0 0.105646380391964 0 0 0 0 0 1.674911e-24 1.672661e-24 0 
3.4534100731621 18.2 1.71065757732886e+27 0.464285714285715 0 0 0.110634001345488 0 0 0 0 0 1.674911e-24 1.672661e-24 0 
3.51351752717255 18.3 1.96458371365935e+27 0.464285714285715 0 0 0.115857576037772 0 0 0 0 0 1.674911e-24 1.672661e-24 0 
3.57363818321432 18.4 2.25627065743166e+27 0.464285714285711 0 0 0.121329010764623 0 0 0 0 0 1.674911e-24 1.672661e-24 0 
3.63376995719368 18.5 2.59133147100429e+27 0.464285714285711 0 0 0.127059921102888 0 0 0 0 0 1.674911e-24 1.672661e-24 0 
3.69391041301874 18.6 2.97620899748437e+27 0.464285714285715 0 0 0.133062414564628 0 0 0 0 0 1.674911e-24 1.672661e-24 0 
3.75407154652989 18.7 3.41841321558396e+27 0.464285714285715 0 0 0.139350686029566 0 0 0 0 0 1.674911e-24 1.672661e-24 0 
3.8142413317247 18.8 3.92639821842966e+27 0.464285714285715 0 0 0.145937098078996 0 0 0 0 0 1.674911e-24 1.672661e-24 0 
3.87443151466551 18.9 4.51008292280598e+27 0.464285714285715 0 0 0.152837209760019 0 0 0 0 0 1.674911e-24 1.672661e-24 0 
3.93463953561711 19 5.18074895278085e+27 0.464285714285715 0 0 0.160065759920348 0 0 0 0 0 1.674911e-24 1.672661e-24 0 
3.99486073012599 19.1 5.95132602491147e+27 0.464285714285715 0 0 0.167637884758892 0 0 0 0 0 1.674911e-24 1.672661e-24 0 
4.05511482141848 19.2 6.83703548089253e+27 0.464285714285711 0 0 0.175572652105167 0 0 0 0 0 1.674911e-24 1.672661e-24 0 
4.11538261402332 19.3 7.85480894980271e+27 0.464285714285715 0 0 0.183884927809909 0 0 0 0 0 1.674911e-24 1.672661e-24 0 
4.17568145127392 19.4 9.02473510983091e+27 0.464285714285715 0 0 0.192595327232885 0 0 0 0 0 1.674911e-24 1.672661e-24 0 
4.23600907691483 19.5 1.03696020312195e+28 0.464285714285715 0 0 0.201722784598782 0 0 0 0 0 1.674911e-24 1.672661e-24 0 
4.29635616020607 19.6 1.19154149877891e+28 0.464285714285715 0 0 0.211285964842319 0 0 0 0 0 1.674911e-24 1.672661e-24 0 
4.3567556622209 19.7 1.3693317387961e+28 0.464285714285711 0 0 0.221311415712341 0 0 0 0 0 1.674911e-24 1.672661e-24 0 
4.41717683304541 19.8 1.57372862830604e+28 0.464285714285718 0 0 0.231816426397586 0 0 0 0 0 1.674911e-24 1.672661e-24 0 
4.47764412578267 19.9 1.80882744163186e+28 0.464285714285718 0 0 0.242828675408715 0 0 0 0 0 1.674911e-24 1.672661e-24 0 
4.5381582364177 20 2.0792717289928e+28 0.464285714285718 0 0 0.254373192766379 0 0 0 0 0 1.674911e-24 1.672661e-24 0 
4.59869981008283 20.1 2.39030226136943e+28 0.464285714285718 0 0 0.266472174314546 0 0 0 0 0 1.674911e-24 1.672661e-24 0 
4.65932504663441 20.2 2.74838809645044e+28 0.464285714285711 0 0 0.279164556228654 0 0 0 0 0 1.674911e-24 1.672661e-24 0 
4.71998444140965 20.3 3.16036652956627e+28 0.464285714285711 0 0 0.292469158848265 0 0 0 0 0 1.674911e-24 1.672661e-24 0 
4.78070972882184 20.4 3.63465120874748e+28 0.464285714285718 0 0 0.306423337517598 0 0 0 0 0 1.674911e-24 1.672661e-24 0 
4.84151182225718 20.5 4.1808523898805e+28 0.464285714285718 0 0 0.321062219036287 0 0 0 0 0 1.674911e-24 1.672661e-24 0 
4.90235464266384 20.6 4.80958555909787e+28 0.464285714285711 0 0 0.336410965288212 0 0 0 0 0 1.674911e-24 1.672661e-24 0 
4.96332116554338 20.7 5.53444629882061e+28 0.464285714285711 0 0 0.352526945030525 0 0 0 0 0 1.674911e-24 1.672661e-24 0 
5.02434611038406 20.8 6.36940878643917e+28 0.464285714285711 0 0 0.369431536087889 0 0 0 0 0 1.674911e-24 1.672661e-24 0 
5.08545928302991 20.9 7.33182845845262e+28 0.464285714285711 0 0 0.387172964033447 0 0 0 0 0 1.674911e-24 1.672661e-24 0 
5.1466993995901 21 8.44213731484857e+28 0.464285714285711 0 0 0.405805935994104 0 0 0 0 0 1.674911e-24 1.672661e-24 0 
5.2080036941919 21.1 9.72202439416936e+28 0.464285714285711 0 0 0.425356584769276 0 0 0 0 0 1.674911e-24 1.672661e-24 0 
5.26947194220859 21.2 1.12001787653733e+29 0.464285714285711 0 0 0.445905240405017 0 0 0 0 0 1.674911e-24 1.672661e-24 0 
5.3310470991499 21.3 1.29062511315973e+29 0.464285714285711 0 0 0.46748494428729 0 0 0 0 0 1.674911e-24 1.672661e-24 0 
5.39272774095752 21.4 1.48758144696078e+29 0.464285714285711 0 0 0.490148685854158 0 0 0 0 0 1.674911e-24 1.672661e-24 0 
5.45461848306742 21.5 1.71542405316511e+29 0.464285714285711 0 0 0.513994048016387 0 0 0 0 0 1.674911e-24 1.672661e-24 0 
5.51660826862365 21.6 1.97861492583775e+29 0.464285714285712 0 0 0.539040444551026 0 0 0 0 0 1.674911e-24 1.672661e-24 0 
5.57879278550234 21.7 2.28320968387945e+29 0.464285714285711 0 0 0.565391824168082 0 0 0 0 0 1.674911e-24 1.672661e-24 0 
5.64117146826677 21.8 2.63587299401066e+29 0.464285714285711 0 0 0.593119794686939 0 0 0 0 0 1.674911e-24 1.672661e-24 0 
5.70366961000968 21.9 3.04384562339343e+29 0.464285714285718 0 0 0.622264653228297 0 0 0 0 0 1.674911e-24 1.672661e-24 0 
5.76647346497605 22 3.51743821174012e+29 0.464285714285712 0 0 0.652994841679492 0 0 0 0 0 1.674911e-24 1.672661e-24 0 
5.82944294528529 22.1 4.06626761406373e+29 0.464285714285711 0 0 0.685329738182772 0 0 0 0 0 1.674911e-24 1.672661e-24 0 
5.89260208926147 22.2 4.70278475336547e+29 0.464285714285718 0 0 0.7193705017934 0 0 0 0 0 1.674911e-24 1.672661e-24 0 
5.95610189715256 22.3 5.44320773920947e+29 0.464285714285718 0 0 0.75529955353183 0 0 0 0 0 1.674911e-24 1.672661e-24 0 
6.01977542583334 22.4 6.30272615609528e+29 0.464285714285718 0 0 0.793128831640904 0 0 0 0 0 1.674911e-24 1.672661e-24 0 
6.08373612353481 22.5 7.30279544157319e+29 0.464285714285718 0 0 0.833036383774343 0 0 0 0 0 1.674911e-24 1.672661e-24 0 
6.14802793021705 22.6 8.4680018159627e+29 0.464285714285718 0 0 0.875174333183285 0 0 0 0 0 1.674911e-24 1.672661e-24 0 
6.21252336882276 22.7 9.82372917390756e+29 0.464285714285718 0 0 0.919587484372365 0 0 0 0 0 1.674911e-24 1.672661e-24 0 
6.2773980807361 22.8 1.14064655459816e+30 0.464285714285718 0 0 0.966535824768262 0 0 0 0 0 1.674911e-24 1.672661e-24 0 
6.34259394259088 22.9 1.32539996521071e+30 0.464285714285711 0 0 1.01613148858968 0 0 0 0 0 1.674911e-24 1.672661e-24 0 
6.40802385242477 23 1.54090854914899e+30 0.464285714285712 0 0 1.06846396499834 0 0 0 0 0 1.674911e-24 1.672661e-24 0 
6.4739032564495 23.1 1.79331371003487e+30 0.464285714285711 0 0 1.1238793227129 0 0 0 0 0 1.674911e-24 1.672661e-24 0 
6.54010046976888 23.2 2.08859138372742e+30 0.464285714285711 0 0 1.18245716950407 0 0 0 0 0 1.674911e-24 1.672661e-24 0 
6.60655864922643 23.3 2.43395005102101e+30 0.464285714285718 0 0 1.24433737362378 0 0 0 0 0 1.674911e-24 1.672661e-24 0 
6.67350007032372 23.4 2.83957329124204e+30 0.464285714285712 0 0 1.30994165447404 0 0 0 0 0 1.674911e-24 1.672661e-24 0 
6.74076763970758 23.5 3.31528334578602e+30 0.464285714285711 0 0 1.37934998819181 0 0 0 0 0 1.674911e-24 1.672661e-24 0 
6.80831475968143 23.6 3.8731808145321e+30 0.464285714285712 0 0 1.45274765190644 0 0 0 0 0 1.674911e-24 1.672661e-24 0 
6.87633462813246 23.7 4.52988983618518e+30 0.464285714285711 0 0 1.53060621217141 0 0 0 0 0 1.674911e-24 1.672661e-24 0 
6.94053572122975 23.8 5.32525488974722e+30 0.46396709119107 0 0 1.61503402731244 0 0 0 0 0 1.674911e-24 1.672661e-24 0 
7.01289687191062 23.9 6.28648306960262e+30 0.463359730027658 0 0 1.70613933993318 0 0 0 0 0 1.674911e-24 1.672661e-24 0 
7.08525802259149 24 7.4212164868367e+30 0.462753163936978 0 0 1.80238397336534 0 0 0 0 0 1.674911e-24 1.672661e-24 0 
7.15761917327236 24.1 8.76077347774977e+30 0.462147391878226 0 0 1.90405784065179 0 0 0 0 0 1.674911e-24 1.672661e-24 0 
7.22998032395322 24.2 1.03421254540383e+31 0.461542412811983 0 0 2.01146720905329 0 0 0 0 0 1.674911e-24 1.672661e-24 0 
7.30234147463409 24.3 1.22089173037883e+31 0.46093822570015 0 0 2.12493562260252 0 0 0 0 0 1.674911e-24 1.672661e-24 0 
7.37470262531496 24.4 1.44126719786151e+31 0.460334829506035 0 0 2.24480487670011 0 0 0 0 0 1.674911e-24 1.672661e-24 0 
7.44706377599583 24.5 1.70142125132344e+31 0.459732223194253 0 0 2.37143604768828 0 0 0 0 0 1.674911e-24 1.672661e-24 0 
7.5194249266767 24.6 2.00853407248167e+31 0.45913040573082 0 0 2.50521058050372 0 0 0 0 0 1.674911e-24 1.672661e-24 0 
7.59178607735757 24.7 2.37108189237778e+31 0.458529376083078 0 0 2.64653143768552 0 0 0 0 0 1.674911e-24 1.672661e-24 0 
7.66414722803844 24.8 2.79907093306886e+31 0.457929133219722 0 0 2.79582431319984 0 0 0 0 0 1.674911e-24 1.672661e-24 0 
7.73650837871931 24.9 3.30431357665758e+31 0.457329676110823 0 0 2.95353891473714 0 0 0 0 0 1.674911e-24 1.672661e-24 0 
7.80886952940018 25 3.90075438385298e+31 0.456731003727755 0 0 3.12015031834479 0 0 0 0 0 1.674911e-24 1.672661e-24 0 
7.88123068008104 25.1 4.60485496008511e+31 0.456133115043277 0 0 3.29616039947573 0 0 0 0 0 1.674911e-24 1.672661e-24 0 
7.95359183076192 25.2 5.43604829137566e+31 0.455536009031493 0 0 3.48209934476352 0 0 0 0 0 1.674911e-24 1.672661e-24 0 
8.02595298144278 25.3 6.41727508951172e+31 0.45493968466781 0 0 3.67852724907775 0 0 0 0 0 1.674911e-24 1.672661e-24 0 
8.09831413212365 25.4 7.575616949504e+31 0.454344140929023 0 0 3.8860358026708 0 0 0 0 0 1.674911e-24 1.672661e-24 0 
8.17067528280452 25.5 8.94304379430587e+31 0.453749376793239 0 0 4.10525007349756 0 0 0 0 0 1.674911e-24 1.672661e-24 0 
8.24303643348539 25.6 1.05572962360657e+32 0.453155391239906 0 0 4.33683039007744 0 0 0 0 0 1.674911e-24 1.672661e-24 0 
8.31539758416626 25.7 1.24629272068432e+32 0.45256218324983 0 0 4.58147433056993 0 0 0 0 0 1.674911e-24 1.672661e-24 0 
8.38775873484713 25.8 1.47125316075206e+32 0.451969751805108 0 0 4.83991882405534 0 0 0 0 0 1.674911e-24 1.672661e-24 0 
8.46126907049068 25.9 1.7422892353341e+32 0.45100508473702 0 0 5.11689354480438 0 0 0 0 0 1.674911e-24 1.672661e-24 0 
8.5366930029377 26 2.07408660944305e+32 0.449423355021646 0 0 5.41668182852056 0 0 0 0 0 1.674911e-24 1.672661e-24 0 
8.61211693538472 26.1 2.46907067794981e+32 0.447847172624866 0 0 5.73403409207464 0 0 0 0 0 1.674911e-24 1.672661e-24 0 
8.68754086783174 26.2 2.93927456305621e+32 0.446276518091565 0 0 6.0699793729724 0 0 0 0 0 1.674911e-24 1.672661e-24 0 
8.76296480027876 26.3 3.49902294583278e+32 0.444711372034847 0 0 6.42560699791368 0 0 0 0 0 1.674911e-24 1.672661e-24 0 
8.83838873272578 26.4 4.1653684651815e+32 0.443151715135807 0 0 6.8020701150124 0 0 0 0 0 1.674911e-24 1.672661e-24 0 
8.9138126651728 26.5 4.95861122356796e+32 0.441597528143314 0 0 7.20058943296214 0 0 0 0 0 1.674911e-24 1.672661e-24 0 
8.98923659761982 26.6 5.90291722617703e+32 0.440048791873729 0 0 7.62245717927173 0 0 0 0 0 1.674911e-24 1.672661e-24 0 
9.06466053006684 26.7 7.02705459413398e+32 0.438505487210713 0 0 8.06904129040584 0 0 0 0 0 1.674911e-24 1.672661e-24 0 
9.14839414356989 26.8 8.51669181838089e+32 0.429315484594215 0 0 8.54256541166721 0 0 0 0 0 1.674911e-24 1.672661e-24 0 
9.22979705812521 26.9 1.02598907629627e+33 0.423165063536422 0 0 9.04600170379437 0 0 0 0 0 1.674911e-24 1.672661e-24 0 
9.30612410016906 27 1.22216896395863e+33 0.421841920279952 0 0 9.57927879791083 0 0 0 0 0 1.674911e-24 1.672661e-24 0 
9.38245114221291 27.1 1.45586050667891e+33 0.420522914198856 0 0 10.1439934783137 0 0 0 0 0 1.674911e-24 1.672661e-24 0 
9.45877818425676 27.2 1.73423632690047e+33 0.419208032357097 0 0 10.7419990438646 0 0 0 0 0 1.674911e-24 1.672661e-24 0 
9.53549312551442 27.3 2.06803402713014e+33 0.417541314249332 0 0 11.3760509702099 0 0 0 0 0 1.674911e-24 1.672661e-24 0 
9.61254316493222 27.4 2.4683414281249e+33 0.41557519266585 0 0 12.0482535998614 0 0 0 0 0 1.674911e-24 1.672661e-24 0 
9.68959320435001 27.5 2.94613595611509e+33 0.413618329170015 0 0 12.7601761970565 0 0 0 0 0 1.674911e-24 1.672661e-24 0 
9.76664324376781 27.6 3.51641672137226e+33 0.411670680167264 0 0 13.5141657859691 0 0 0 0 0 1.674911e-24 1.672661e-24 0 
9.84369328318561 27.7 4.19708619783173e+33 0.409732202268331 0 0 14.3127080747355 0 0 0 0 0 1.674911e-24 1.672661e-24 0 
9.9207433226034 27.8 5.0095122244656e+33 0.407802852288256 0 0 15.158435650189 0 0 0 0 0 1.674911e-24 1.672661e-24 0 
9.9977933620212 27.9 5.97919879273256e+33 0.405882587245434 0 0 16.0541366568163 0 0 0 0 0 1.674911e-24 1.672661e-24 0 
10.0752574548191 28 7.14457372616663e+33 0.403560881961374 0 0 17.0033415782581 0 0 0 0 0 1.674911e-24 1.672661e-24 0 
10.1532612205785 28.1 8.5495411825453e+33 0.400721121420975 0 0 18.0094658492868 0 0 0 0 0 1.674911e-24 1.672661e-24 0 
10.2312649863379 28.2 1.0230792939309e+34 0.397901343590211 0 0 19.075124656165 0 0 0 0 0 1.674911e-24 1.672661e-24 0 
10.3092687520973 28.3 1.22426598026929e+34 0.395101407855588 0 0 20.2038407853527 0 0 0 0 0 1.674911e-24 1.672661e-24 0 
10.3872725178567 28.4 1.46501566333719e+34 0.392321174593059 0 0 21.3993454741567 0 0 0 0 0 1.674911e-24 1.672661e-24 0 
10.4656866749909 28.5 1.75474556323616e+34 0.389205337528672 0 0 22.6657519365206 0 0 0 0 0 1.674911e-24 1.672661e-24 0 
10.5454572818449 28.6 2.10826881606053e+34 0.384951933026856 0 0 24.0076682480541 0 0 0 0 0 1.674911e-24 1.672661e-24 0 
10.6252278886988 28.7 2.53301532364387e+34 0.380745011571677 0 0 25.4290321504817 0 0 0 0 0 1.674911e-24 1.672661e-24 0 
10.7049984955527 28.8 3.04333421854794e+34 0.376584065176264 0 0 26.9345473050111 0 0 0 0 0 1.674911e-24 1.672661e-24 0 
10.7857720651061 28.9 3.66399986489516e+34 0.371712794642807 0 0 28.5294547044237 0 0 0 0 0 1.674911e-24 1.672661e-24 0 
10.8671698147981 29 4.41690031191578e+34 0.366441024898687 0 0 30.2189738875873 0 0 0 0 0 1.674911e-24 1.672661e-24 0 
10.9485675644901 29.1 5.32451121309213e+34 0.361244021362874 0 0 32.0085466855102 0 0 0 0 0 1.674911e-24 1.672661e-24 0 
11.030202508759 29.2 6.43180105024874e+34 0.355395543947712 0 0 33.9042398199853 0 0 0 0 0 1.674911e-24 1.672661e-24 0 
11.1120297473244 29.3 7.78136079231226e+34 0.349106153402054 0 0 35.9123233921869 0 0 0 0 0 1.674911e-24 1.672661e-24 0 
11.1943482737732 29.4 9.39079873376981e+34 0.343783208800389 0 0 38.0395072306903 0 0 0 0 0 1.674911e-24 1.672661e-24 0 
11.2766764869452 29.5 1.13338888982002e+35 0.338518599354354 0 0 40.2926947141072 0 0 0 0 0 1.674911e-24 1.672661e-24 0 
11.359312834184 29.6 1.37085585521338e+35 0.332620437364547 0 0 42.6795067615652 0 0 0 0 0 1.674911e-24 1.672661e-24 0 
11.4421452672485 29.7 1.6585569943303e+35 0.326730961609576 0 0 45.2077314959768 0 0 0 0 0 1.674911e-24 1.672661e-24 0 
11.525831225855 29.8 2.00916894205394e+35 0.320543814069821 0 0 47.8858392511223 0 0 0 0 0 1.674911e-24 1.672661e-24 0 
11.6177265518424 29.9 2.47850481305619e+35 0.308814761138161 0 0 50.7226292064503 0 0 0 0 0 1.674911e-24 1.672661e-24 0 
12.2397181645424 30 1.03621959686279e+36 0.00234861373901367 940.747026006521 931.257498238839 16.0693383181934 0 900.15672138848 -2.14441592448233 -1114.6331070008 21.9767155346717 1.67232495538142e-24 1.66520843795115e-24 0.995302772521973 
12.3043919990996 30.1 1.20249271392822e+36 0.00227937698364258 940.891530097355 931.070585965133 16.7191033325183 0 838.180066860519 -2.40693742315806 -1114.7372286445 23.2880681986257 1.67191136164533e-24 1.6640190306024e-24 0.995441246032715 
12.3693609111367 30.2 1.39638233184814e+36 0.00223245620727539 941.048241738997 930.853352813841 17.4521405962589 0 779.08158927028 -2.70526721255607 -1114.40347729684 24.7255597769581 1.67142932515645e-24 1.6626345302229e-24 0.995535087585449 
12.4346574065524 30.3 1.62274265289307e+36 0.00220785140991211 941.2180725 930.600553625472 18.2804936453675 0 722.744241455427 -3.04473260270076 -1113.62362563606 26.2960727061651 1.67086689852308e-24 1.66102151081949e-24 0.995584297180176 
12.5003161537424 30.4 1.88735103607178e+36 0.00220556259155273 941.401977910476 930.305978521722 19.2181789314347 0 669.060656770107 -3.43155198271771 -1112.38382934151 28.0075404357723 1.67020989598225e-24 1.65914049242568e-24 0.995588874816895 
12.5663753581046 30.5 2.19710731506348e+36 0.0022273063659668 941.600950952841 929.962305425316 20.2814616263968 0 617.929938698978 -3.87302811338895 -1110.65304793647 29.8653878971593 1.66944140575929e-24 1.65694475621916e-24 0.995545387268066 
12.6328751949851 30.6 2.56026649475098e+36 0.00227365493774414 941.816020468829 929.560799603966 21.489440776425 0 569.263637140122 -4.37770404645559 -1108.40043761647 31.8797442762342 1.66854126887756e-24 1.65437897448282e-24 0.995452690124512 
12.6998621920257 30.7 2.98676109313965e+36 0.00234746932983398 942.04824373918 929.091108315432 22.8644365925879 0 522.978388895593 -4.95567657511116 -1105.57289422291 34.0578105645231 1.66748529038674e-24 1.6513773937949e-24 0.995305061340332 
12.7673874306405 30.8 3.48857307434082e+36 0.00245218276977539 942.298695929194 928.540878414307 24.4327183977046 0 479.001085666154 -5.61886250355524 -1102.10471186991 36.4087513664383 1.66624439286812e-24 1.64786181056695e-24 0.995095634460449 
12.8355093393674 30.9 4.08023452758789e+36 0.00259294509887695 942.568460248355 927.895351936486 26.225276966509 0 437.267025138097 -6.38140028493033 -1097.9093813017 38.9417750832183 1.66478344589193e-24 1.64373894262161e-24 0.994814109802246 
12.9042921931489 31 4.7794303894043e+36 0.00277547836303711 942.85861144092 927.136817214585 28.2788666241751 0 397.724353060957 -7.26006262975151 -1092.88302122951 41.671483083661 1.66305991698572e-24 1.63889744373305e-24 0.994449043273926 
12.9738081870266 31.1 5.60779991149902e+36 0.00300779342651367 943.170192841483 926.244018232276 30.6371163646217 0 360.332910995673 -8.27482852736205 -1086.89187013965 44.6149498696229 1.66102204073738e-24 1.63320414860557e-24 0.993984413146973 
13.0441393840205 31.2 6.5919775390625e+36 0.00330076217651367 943.504195206847 925.19137888533 33.3520067481643 0 325.065686935859 -9.4495578356848 -1079.76525680128 47.7929208057613 1.65860648777193e-24 1.62649949156103e-24 0.993398475646973 
13.1153799087305 31.3 7.76496124267578e+36 0.0036686897277832 943.861536166877 923.948039277623 36.4857158344285 0 291.911250289148 -10.8128023809418 -1071.28656987277 51.2322758824234 1.65573534538723e-24 1.61859192098167e-24 0.992662620544434 
13.1876305160605 31.4 9.16776275634766e+36 0.00412931442260742 944.243010162342 922.476807474662 40.1125726646091 0 260.881294486835 -12.3985715805789 -1061.1840250192 54.9710579709033 1.65231260905538e-24 1.60925219077643e-24 0.991741371154785 
13.2609981178174 31.5 1.0851611328125e+37 0.00470552444458008 944.649253714812 920.732985281843 44.3212872719988 0 232.014436558651 -14.2472137463986 -1049.1103143701 59.0593625006229 1.64821953768802e-24 1.59820663060229e-24 0.99058895111084 
13.3403808415471 31.6 1.30232512229681e+37 0.00239267349243164 945.077517323539 924.598200672765 37.5933899281344 0 203.065615311681 -17.1204768104806 -1096.5563018494 64.4510744412188 1.64314832145116e-24 1.58405112569137e-24 0.997607326507568 
13.4148474522823 31.7 1.54536688363552e+37 0.00313711166381836 945.530147099922 922.002334222798 43.5609095029899 0 181.847534937551 -19.7791158924044 -1080.21069280164 68.0998053156586 1.63734233940059e-24 1.56870013856906e-24 0.996862888336182 
13.4898474952551 31.8 1.83597569215298e+37 0.00410356521606445 946.01003794034 918.959521072928 50.4561680642755 0 163.687185370849 -22.8680936034482 -1060.59103810009 72.3279117311759 1.63044287319128e-24 1.55079919030053e-24 0.995896434783936 
13.565017409915 31.9 2.18203730261326e+37 0.00534639358520508 946.518419044465 915.422912648881 58.3732792953403 0 148.85202400096 -26.4303264905746 -1037.02019077284 77.2194318096141 1.62228463430546e-24 1.53010485987891e-24 0.994653606414795 
13.6397652816671 32 2.59075447380543e+37 0.00692052841186523 947.057123964438 911.368007918733 67.3638018171 0 137.629957782905 -30.4854466036634 -1008.79685516156 82.8502138720477 1.61272620297274e-24 1.50649769523213e-24 0.993079471588135 
13.7132265832924 32.1 3.0668751180172e+37 0.00886774063110352 947.629077371674 906.811992622951 77.3998477420046 0 130.282486540566 -35.0097869459718 -975.327475886166 89.2732916683713 1.6016920856908e-24 1.48007813321187e-24 0.991132259368896 
13.7842974488765 32.2 3.6105202190876e+37 0.011198902130127 948.238892522241 901.831929637455 88.3396564175523 0 126.96631485776 -39.9177986877249 -936.319497408158 96.4928450899818 1.58922176747343e-24 1.45124948529687e-24 0.988801097869873 
13.8518182348318 32.3 4.21589521384239e+37 0.0138808250427246 948.893577437377 896.567022007721 99.9245498559389 0 127.64612036616 -45.0605352485361 -891.953618003544 104.446332813738 1.57549503275179e-24 1.42071276641009e-24 0.986119174957275 
13.9148459132547 32.4 4.8720834209919e+37 0.0168339729309082 949.603039572458 891.195623386302 111.824910465488 0 132.05751356325 -50.2506872749278 -842.930834615382 113.016868042783 1.56080783366981e-24 1.38933667981824e-24 0.983166027069092 
13.9729198012341 32.5 5.56652502989769e+37 0.0199564933776855 950.380367597897 885.891441856026 123.726438345663 0 139.753464486377 -55.309825671571 -790.271346604687 122.064110266804 1.54548720088016e-24 1.35792793225698e-24 0.980043506622314 
14.0261123750154 32.6 6.28882387113571e+37 0.0231511116027832 951.241848990515 880.787582774856 135.400549618407 0 150.220665438382 -60.1068005558871 -735.026441779318 131.467981456259 1.52980394534553e-24 1.32705477175507e-24 0.976848888397217 
14.0748882619607 32.7 7.03286885404587e+37 0.0263428688049316 952.206920961538 875.965641526806 146.725623268385 0 162.98776826525 -64.5697441581985 -678.069311718267 141.152069036101 1.51392818164598e-24 1.29700190686245e-24 0.973657131195068 
14.1199066560635 32.8 7.79702529001236e+37 0.0294842720031738 953.298303016027 871.465243241039 157.668591031477 0 177.680974242405 -68.6772147683569 -620.030092196879 151.083380852293 1.4979301135737e-24 1.26782489305442e-24 0.970515727996826 
14.1618560875597 32.9 8.58307136011123e+37 0.0325478553771973 954.542293144699 867.301285005192 168.251775166378 0 194.028284571439 -72.4418914079377 -561.358304629871 161.26080033402 1.48180911148403e-24 1.23944197719548e-24 0.967452144622803 
14.2013720423103 33 9.39515990495682e+37 0.0355210304260254 955.969215917956 863.478098345817 178.526050873475 0 211.839314514643 -75.8990080727686 -502.401688451652 171.698644130303 1.46552010070747e-24 1.21170449243459e-24 0.964478969573975 
14.2390068912331 33.1 1.02390531315804e+38 0.0384003639221191 957.614167738802 859.998492499333 188.554608308194 0 230.98178487665 -79.1010323645639 -443.482173224277 182.414961640528 1.44899335194056e-24 1.18444116696415e-24 0.961599636077881 
14.2752252382891 33.2 1.11216049151421e+38 0.041187572479248 959.51778281272 856.868910561888 198.404361881083 0 251.360991610622 -82.1175459274513 -384.956800142995 193.421759759371 1.43214812532236e-24 1.15748412370723e-24 0.958812427520752 
14.310473730274 33.3 1.20521774291992e+38 0.0439421653747559 961.727042942477 854.10734512443 208.132044947832 0.115134863316869 272.931385564046 -85.0455710168909 -327.078721975345 204.682715118694 1.4148502590325e-24 1.13064669029037e-24 0.956057834625244 
14.3459436191142 33.4 1.30655288696289e+38 0.047600269317627 964.293238431798 851.866752929191 217.538703204975 0.326975657262168 295.99946286349 -88.1072518628558 -267.725876894814 215.537140459282 1.3961967578662e-24 1.103331276084e-24 0.952399730682373 
14.3810436877013 33.5 1.41500778198242e+38 0.0516165733337402 967.274675233512 850.169835285103 226.694015353802 0.44949140921482 320.168556492043 -91.3926973153513 -209.858884308217 226.20688198442 1.37666680301382e-24 1.07596709248498e-24 0.94838342666626 
14.4157340324675 33.6 1.53077850341797e+38 0.0557473182678223 970.742368561304 849.020992196028 235.728345558175 0.547502157011525 345.276336676923 -95.0809085087516 -155.002158299212 236.761994439524 1.35641284832003e-24 1.04862750302732e-24 0.944252681732178 
14.450187116173 33.7 1.65480499267578e+38 0.0599427223205566 974.779509254247 848.43874962597 244.768240651974 0.633527085078304 371.348736098849 -99.4116935147395 -103.860768664314 247.148933123814 1.33540776303461e-24 1.02125721801737e-24 0.940057277679443 
14.4845887098648 33.8 1.78826446533203e+38 0.0642182350158691 979.482075891602 848.454182689053 253.940713914454 0.712988018683127 398.569950411658 -104.658701922796 -56.7096455803305 257.273848648443 1.31358238512958e-24 9.93802279774553e-25 0.935781764984131 
14.5190928809418 33.9 1.93242399597168e+38 0.0686253547668457 984.960550263266 849.113196028719 263.372139675319 0.788968914874622 427.311134517785 -111.102837750883 -13.3404110585867 267.041301331088 1.29086179735987e-24 9.66244300005381e-25 0.931374645233154 
14.6191434676284 34 2.41800079345703e+38 0.0584206581115723 991.078804749904 853.042356848462 267.656076479997 0.821998652830251 330.248585460431 -104.764001452175 -4.57397243749324 302.692558524682 1.23353668872423e-24 8.79880484165446e-25 0.941579341888428 
14.654011442823 34.1 2.61426239013672e+38 0.0621634483337402 997.497341088683 854.432404572766 277.496550643462 0.895074943815788 366.196870302873 -114.47497277521 29.5233557699675 311.17197578695 1.20856067986087e-24 8.52105345695847e-25 0.93783655166626 
14.6880522772822 34.2 2.82024993896484e+38 0.0661717414855957 1004.97969247043 856.701596546459 287.698410554109 0.967484962384707 407.458264933813 -124.93698833729 68.7605677678487 319.599783718335 1.18351043633594e-24 8.25478867992778e-25 0.933828258514404 
14.7213399347578 34.3 3.03616790771484e+38 0.0704289436340332 1013.72077120957 860.053521346402 298.244677273992 1.03950290505899 454.153140708758 -135.715318443712 114.824725145243 328.433541471161 1.15845981981808e-24 8.00003614400637e-25 0.929571056365967 
14.7539863507915 34.4 3.26250305175781e+38 0.0748967170715332 1023.95271717052 864.738677245264 309.099424511301 1.11120061097339 506.161891115508 -146.452418033062 168.493071433405 338.052964609697 1.13346752372652e-24 7.75636479082964e-25 0.925103282928467 
14.7861400958533 34.5 3.50010070800781e+38 0.079526424407959 1035.95040706803 871.050593755476 320.22614993257 1.18260380500094 563.243733130007 -156.937122223487 229.751990573891 348.701778296738 1.10857134260139e-24 7.52298794089423e-25 0.920473575592041 
14.8179783413421 34.6 3.75019226074219e+38 0.0842734336853027 1050.03879508487 879.3276312127 331.598618625388 1.25376987472205 625.196951881378 -167.122959526386 298.11855062417 360.47237718848 1.08378553007774e-24 7.29892429004121e-25 0.915726566314697 
14.8496900295638 34.7 4.01432189941406e+38 0.0891005516052246 1066.60081351505 889.956976122115 343.20850550349 1.32483461680011 691.9913121798 -177.099373708411 372.995937407358 373.338990013846 1.05911236637675e-24 7.08319083353106e-25 0.910899448394775 
14.881462123746 34.8 4.29425964355469e+38 0.0939837455749512 1086.08657556155 903.385774356984 355.061617598125 1.39598661733419 763.834013510808 -187.037210590357 453.960240211077 387.204285452292 1.03455019416755e-24 6.87495177490387e-25 0.906016254425049 
14.9134686486899 34.9 4.59189147949219e+38 0.0989087104797363 1109.02312451208 920.132379239885 367.174960772229 1.46745058263461 841.147602994509 -197.128296162041 540.893135570309 401.956484239742 1.01010572247681e-24 6.67360439305767e-25 0.901091289520264 
14.9458729171113 35 4.90920715332031e+38 0.103869724273682 1136.03046189903 940.804593656228 379.572407138372 1.53946443700024 924.500191834214 -207.538949697678 633.995138150236 417.513262480191 9.85795182838514e-25 6.47876091495547e-25 0.896130275726318 
14.9788254942223 35.1 5.24823913574219e+38 0.108863925933838 1167.833591167 966.114138362149 392.279950184076 1.61225573192188 1014.49455854568 -218.381269333935 733.681675955357 433.84537692883 9.61650894927247e-25 6.2902417293217e-25 0.891136074066162 
15.0124742860557 35.2 5.61112976074219e+38 0.113890743255615 1205.28405064936 996.900203684083 405.321754258802 1.6860236583342 1111.70706909073 -229.70695272337 840.490884984221 450.980786102575 9.37715643066159e-25 6.10799875922229e-25 0.886109256744385 
15.0469676092724 35.3 6.00013732910156e+38 0.118946743011475 1249.37849880081 1034.14865500143 418.718940789044 1.76093666893377 1216.6535984707 -241.509369919275 954.998801241304 469.001032973094 9.1404477613989e-25 5.93207975467028e-25 0.881053256988525 
15.082460547399 35.4 6.41769409179688e+38 0.124023914337158 1301.28475908362 1079.01874450251 432.488283261947 1.83712890177226 1329.80359700922 -253.726771682918 1077.79653289581 488.036198220206 8.90703561387408e-25 5.7625834136263e-25 0.875976085662842 
15.1191171883518 35.5 6.86643676757812e+38 0.12910852432251 1362.36959328507 1132.87258820787 446.638873186932 1.91468504774042 1451.60051689237 -266.23741343107 1209.49126170821 508.263145684138 8.67766435542573e-25 5.59964237293287e-25 0.87089147567749 
15.1571131216784 35.6 7.34924926757813e+38 0.134178256988525 1434.23397448664 1197.31084961213 461.171316442776 1.99363909289546 1582.48422835604 -278.846136831626 1350.72170930485 529.914439794516 8.4531718561863e-25 5.44340333978399e-25 0.865821743011475 
15.1966312334579 35.7 7.86923217773438e+38 0.139198207855225 1518.74299839285 1274.20432766402 476.074452185297 2.07395921489113 1722.88833739193 -291.260532129752 1502.1544679626 553.290034563699 8.23452806356337e-25 5.29403326951823e-25 0.860801792144775 
15.2378661070776 35.8 8.42980346679687e+38 0.144120311737061 1618.08069378065 1365.75103051107 491.320923731604 2.1555266947096 1873.27062946428 -303.061793940218 1664.52172386216 578.774829884211 8.02279927168392e-25 5.15169104897355e-25 0.855879688262939 
15.281018315904 35.9 9.03467407226563e+38 0.148876476287842 1734.79470333812 1474.52222614885 506.864497938069 2.23812436965027 2034.11239763601 -313.662902003327 1838.62320950114 606.863936590879 7.81920254425075e-25 5.01652948237572e-25 0.851123523712158 
15.3262913684568 36 9.68788452148437e+38 0.153375148773193 1871.85678465258 1603.52727502774 522.631588511842 2.32139436300083 2205.93670635067 -322.255163374533 2025.3539442394 638.191623229081 7.62511262895425e-25 4.88868611892271e-25 0.846624851226807 
15.3738856955816 36.1 1.03938171386719e+39 0.157495594024658 2032.728013293 1756.28424581564 538.51066375847 2.40478548969014 2389.32373694018 -327.73678882953 2225.73137257374 673.572979582522 7.44209107022393e-25 4.76827646752072e-25 0.842504405975342 
15.4239955125015 36.2 1.11572570800781e+39 0.16107759475708 2221.44622068827 1936.91103514674 554.345041414389 2.48751903072286 2584.94027675082 -328.616919514062 2440.94218521225 714.076492525687 7.27193342926291e-25 4.65536859243442e-25 0.83892240524292 
15.4767993225069 36.3 1.19833923339844e+39 0.163912296295166 2442.70997861825 2150.22072688127 569.910628981055 2.56847618304352 2793.5490925408 -322.881011893685 2672.38189540921 761.123115838248 7.11672776023696e-25 4.54997591636037e-25 0.836087703704834 
15.5324545137681 36.4 1.28778686523437e+39 0.165725040435791 2701.98670972903 2401.84100241906 584.893810776635 2.64608762981192 3016.01976149939 -307.799493151406 2921.71280527033 816.666870708699 6.97895684646534e-25 4.45202360027301e-25 0.834274959564209 
